RootBoneIds:
  - 0
Bones:
  - Id: 0
    ParentId: 4294967295
    Name: root
    Offset: [1, -0, 0, -0, -0, 0, 1, 0, 0, -1, 0, -0, -0, 0, -0, 1]
    Transform: [1, 0, 0, 0, 0, 5.96046448e-08, -0.99999994, 0, 0, 0.99999994, 5.96046448e-08, 0, 0, 0, 0, 1]
    ChildIds:
      - 1
  - Id: 1
    ParentId: 0
    Name: pelvis
    Offset: [1, -0, 0, -0, -0, 0.968328238, -0.249681011, 0, 0, 0.249680907, 0.968328238, -0, -0, -0.875157475, 0.277395844, 1]
    Transform: [1, 0, 0, 0, 0, -0.249680981, 0.968328238, 0, 0, -0.968328238, -0.249680981, 0, 0, 0.0501000285, 0.916700006, 1]
    ChildIds:
      - 2
      - 55
      - 60
  - Id: 2
    ParentId: 1
    Name: spine_01
    Offset: [1, -0, 0, -0, -0, 0.992462933, -0.122546263, 0, 0, 0.122546174, 0.992462873, -0, -0, -1.04067063, 0.144217297, 1]
    Transform: [1, 0, 0, 0, 0, 0.991627097, -0.129134074, 0, 0, 0.129134089, 0.991627157, 0, 0, 0.138176337, -1.21071935e-08, 1]
    ChildIds:
      - 3
  - Id: 3
    ParentId: 2
    Name: spine_02
    Offset: [1, -0, 0, -0, -0, 0.999492764, 0.0318535082, 0, 0, -0.0318535753, 0.999492645, -0, -0, -1.17301738, -0.036983449, 1]
    Transform: [1, 0, 0, 0, 0, 0.988055587, -0.154097453, 0, 0, 0.154097468, 0.988055646, 0, 0, 0.124034852, 3.49245965e-10, 1]
    ChildIds:
      - 4
  - Id: 4
    ParentId: 3
    Name: spine_03
    Offset: [1, -0, 0, -0, -0, 0.999475479, 0.0323904082, 0, 0, -0.032390479, 0.9994753, -0, -0, -1.31426907, -0.0376894549, 1]
    Transform: [1, 0, 0, 0, 0, 0.999999821, -0.000537183078, 0, 0, 0.000537183136, 0.999999881, 0, 0, 0.141271874, 5.58793545e-09, 1]
    ChildIds:
      - 5
      - 7
      - 31
  - Id: 5
    ParentId: 4
    Name: neck_01
    Offset: [1, -0, 0, -0, -0, 0.981998026, -0.188892305, 0, 0, 0.188892215, 0.981997848, -0, -0, -1.45883679, 0.291307181, 1]
    Transform: [1, 0, 0, 0, 0, 0.975364208, 0.220600456, 0, 0, -0.220600456, 0.975364208, 0, 0, 0.172890782, -1.86264515e-09, 1]
    ChildIds:
      - 6
  - Id: 6
    ParentId: 5
    Name: Head
    Offset: [1, -0, 0, -0, -0, 0.999471426, -0.032517042, 0, 0, 0.0325169824, 0.999471247, -0, -0, -1.56803656, 0.0459122062, 1]
    Transform: [1, 0, 0, 0, 0, 0.987620652, -0.156860724, 0, 0, 0.156860724, 0.987620652, 0, 0, 0.0825867802, -1.39698386e-09, 1]
    ChildIds:
      []
  - Id: 7
    ParentId: 4
    Name: clavicle_l
    Offset: [0.507312834, 0.861761689, 0.000551101111, -0, -5.16320433e-05, -0.000609130948, 1, 0, 0.861761928, -0.507312715, -0.000264535716, -0, -0.070991978, 0.0209090505, -1.45789146, 1]
    Transform: [0.507312775, -0.0279645007, 0.861308157, 0, 0.861761868, 0.015823245, -0.507066309, 0, 0.00055111968, 0.999483764, 0.0321260691, 0, 0.0187999997, 0.140553579, 0.0808950365, 1]
    ChildIds:
      - 8
  - Id: 8
    ParentId: 7
    Name: upperarm_l
    Offset: [-7.29064652e-07, 0.999853253, 0.0171257202, -0, -1.00000024, -3.02712237e-08, -4.08949272e-05, 0, -4.08690576e-05, -0.0171257369, 0.999853313, -0, 1.44079792, -0.192991808, 0.0621629693, 1]
    Transform: [1.59740448e-05, 0.000629271846, -0.999999881, 0, 0.492480189, 0.870323479, 0.000555564824, 0, 0.870323777, -0.492480099, -0.000295996666, 0, -0.030072337, 0.218581751, -0.0169684552, 1]
    ChildIds:
      - 9
  - Id: 9
    ParentId: 8
    Name: lowerarm_l
    Offset: [2.80891355e-09, 0.999851346, -0.0172388609, -0, -1.00000024, -1.89030591e-09, -1.82246353e-07, 0, -1.62909984e-07, 0.0172388479, 0.999851406, -0, 1.44080043, -0.465022236, 0.0781283826, 1]
    Transform: [1, 3.46441666e-08, 4.07127154e-05, 0, -1.43349246e-06, 0.999409556, 0.034359511, 0, -4.06874824e-05, -0.034359511, 0.999409556, 0, 2.15651426e-08, 0.274440259, -1.2878445e-09, 1]
    ChildIds:
      - 10
  - Id: 10
    ParentId: 9
    Name: hand_l
    Offset: [-9.38950862e-14, 0.999999881, -1.37835727e-07, -0, -1.00000024, -1.55722268e-09, 6.522028e-07, 0, 6.71544456e-07, 1.22934566e-07, 1, -0, 1.44080019, -0.738900006, 0.0653992072, 1]
    Transform: [1, 1.15764571e-08, 8.34378966e-07, 0, 2.80889267e-09, 0.999851406, -0.017238725, 0, -8.34454568e-07, 0.017238725, 0.999851406, 0, 1.27298261e-08, 0.272640556, -1.8102071e-09, 1]
    ChildIds:
      - 11
      - 15
      - 19
      - 23
      - 27
  - Id: 11
    ParentId: 10
    Name: index_01_l
    Offset: [5.40083644e-10, 1.00000012, -8.96222116e-14, -0, 7.25932387e-06, -1.55732061e-09, -1.00000024, 0, -1.00000012, -1.43611061e-08, -7.23998028e-06, 0, -0.0345104784, -0.858800173, 1.4388001, 1]
    Transform: [-7.8678122e-06, -1.37295643e-07, -0.999999881, 0, -4.41988568e-15, 0.999999762, -1.37295629e-07, 0, 0.99999994, -1.0870585e-12, -7.86781311e-06, 0, 0.00199983176, 0.119899921, 0.0308999978, 1]
    ChildIds:
      - 12
  - Id: 12
    ParentId: 11
    Name: index_02_l
    Offset: [-5.48605638e-17, 1.00000012, 6.38013817e-21, -0, 7.23998073e-06, -1.55722701e-09, -1.00000024, 0, -1.00000012, -1.49011896e-08, -7.22063714e-06, 0, -0.0345104486, -0.899500132, 1.4388001, 1]
    Transform: [1, -5.40083422e-10, 1.93429059e-08, 0, 5.40083422e-10, 1, -8.96319897e-14, 0, -1.93429059e-08, 8.96424387e-14, 1, 0, -5.12819898e-10, 0.0407000184, 1.13608722e-08, 1]
    ChildIds:
      - 13
  - Id: 13
    ParentId: 12
    Name: index_03_l
    Offset: [3.26253109e-24, 1.00000024, -7.84236362e-28, -0, 7.23998073e-06, -1.55722713e-09, -1.00000024, 0, -1.00000012, -1.49011896e-08, -7.22063714e-06, 0, -0.0345104448, -0.934300184, 1.4388001, 1]
    Transform: [1, -2.65582972e-16, -2.27373675e-13, 0, 2.65582945e-16, 0.99999994, 1.46975155e-17, 0, 2.27373675e-13, -1.46975172e-17, 1, 0, 9.72249836e-10, 0.0348000526, 1.06936113e-08, 1]
    ChildIds:
      - 14
  - Id: 14
    ParentId: 13
    Name: index_04_leaf_l
    Offset: [1.91537424e-31, 1.00000024, -4.81641476e-35, -0, 6.35741486e-08, -1.55722724e-09, 1.00000024, 0, 1.00000012, -1.49011896e-08, -8.29163866e-08, -0, 0.0344999358, -0.964400232, -1.43880033, 1]
    Transform: [-1, 8.23618733e-16, -7.30355305e-06, 0, 8.23618521e-16, 1, 2.957891e-17, 0, 7.30355305e-06, 2.95728947e-17, -1, 0, 4.69754013e-09, 0.0301001053, 1.06936113e-08, 1]
    ChildIds:
      []
  - Id: 15
    ParentId: 10
    Name: middle_01_l
    Offset: [-0.0472285189, 0.998884082, -3.43845272e-07, -0, 7.25981226e-06, -5.14381915e-09, -1.00000024, 0, -0.998884141, -0.047228545, -7.23181256e-06, 0, -0.0195031688, -0.862383008, 1.44120026, 1]
    Transform: [-7.8678122e-06, -0.0472286642, -0.998884082, 0, -2.92668005e-08, 0.998883963, -0.0472286604, 0, 1, -3.41102748e-07, -7.86781311e-06, 0, -0.00040022601, 0.121599905, 0.00520000048, 1]
    ChildIds:
      - 16
  - Id: 16
    ParentId: 15
    Name: middle_02_l
    Offset: [-0.0442045629, 0.999022484, -3.19164002e-07, -0, 7.23998028e-06, -3.29004113e-09, -1.00000024, 0, -0.999022543, -0.0442045927, -7.21310153e-06, 0, -0.0222417843, -0.904667079, 1.44120026, 1]
    Transform: [0.99999541, 0.00302711688, 1.97840233e-08, 0, -0.00302711688, 0.99999541, -2.38300366e-08, 0, -1.98560688e-08, 2.37700384e-08, 1, 0, 3.63797881e-10, 0.0423472486, 2.01861212e-08, 1]
    ChildIds:
      - 17
  - Id: 17
    ParentId: 16
    Name: middle_03_l
    Offset: [-0.0464615561, 0.998919964, -3.35459532e-07, -0, 7.23998028e-06, -3.24519145e-09, -1.00000024, 0, -0.998920083, -0.0464615859, -7.21235483e-06, 0, -0.0201211311, -0.938647985, 1.44120014, 1]
    Transform: [0.999997437, -0.00225931802, -1.12938244e-11, 0, 0.00225931802, 0.999997437, 1.63125868e-08, 0, -2.55615234e-11, -1.63125691e-08, 1, 0, -2.78305379e-10, 0.0339331478, 1.60513821e-07, 1]
    ChildIds:
      - 18
  - Id: 18
    ParentId: 17
    Name: middle_04_leaf_l
    Offset: [0.0464615747, 0.998920262, -3.87497456e-09, -0, 6.35738857e-08, -3.24513372e-09, 1.00000024, 0, 0.998920083, -0.0464616194, -8.33106242e-08, -0, 0.0201105867, -0.973085463, -1.44120038, 1]
    Transform: [-1, 1.8626455e-08, -7.30355214e-06, 0, 1.86264497e-08, 0.999999702, 5.69262248e-14, 0, 7.30355214e-06, -7.91130467e-14, -1, 0, -5.86624083e-09, 0.0344371833, 2.59929323e-08, 1]
    ChildIds:
      []
  - Id: 19
    ParentId: 10
    Name: pinky_01_l
    Offset: [-0.0670131892, 0.997751951, -4.85469627e-07, -0, 7.26032567e-06, -6.77226808e-09, -1.00000024, 0, -0.99775207, -0.0670132041, -7.22364348e-06, 0, -0.04923838, -0.851813614, 1.43920004, 1]
    Transform: [-7.86781311e-06, -0.0670133382, -0.99775207, 0, -3.77574167e-08, 0.99775207, -0.0670133382, 0, 1, -4.87687714e-07, -7.86781311e-06, 0, 0.0015997173, 0.107699916, -0.0408000015, 1]
    ChildIds:
      - 20
  - Id: 20
    ParentId: 19
    Name: pinky_02_l
    Offset: [-0.0686778799, 0.997638643, -4.95825589e-07, -0, 7.23997891e-06, -6.4392216e-09, -1.00000012, 0, -0.997638762, -0.0686778948, -7.20253502e-06, 0, -0.0477497578, -0.892184973, 1.43920004, 1]
    Transform: [0.999998629, -0.00166854262, 2.03467163e-08, 0, 0.00166854262, 0.999998629, 1.1781224e-08, 0, -2.03663451e-08, -1.17472583e-08, 1, 0, 3.3469405e-09, 0.0402905717, -1.4873649e-09, 1]
    ChildIds:
      - 21
  - Id: 21
    ParentId: 20
    Name: pinky_03_l
    Offset: [-0.067461662, 0.997721672, -4.87045668e-07, -0, 7.23997937e-06, -6.46417586e-09, -1.00000012, 0, -0.997721732, -0.0674616769, -7.20314256e-06, 0, -0.048871059, -0.91979146, 1.43919992, 1]
    Transform: [0.999999225, 0.00121904537, -1.37381096e-11, 0, -0.00121904537, 0.999999166, -8.80091466e-09, 0, 3.00938332e-12, 8.80092532e-09, 0.99999994, 0, -3.58431862e-09, 0.0276653338, 2.25448844e-07, 1]
    ChildIds:
      - 22
  - Id: 22
    ParentId: 21
    Name: pinky_04_leaf_l
    Offset: [0.0674617067, 0.997721672, -5.6642655e-09, -0, 6.35748449e-08, -6.46404263e-09, 1.00000012, 0, 0.997721732, -0.0674617216, -8.37710061e-08, -0, 0.0488605127, -0.947955668, -1.43920028, 1]
    Transform: [-0.99999994, 4.84287774e-08, -7.30355305e-06, 0, 4.84287774e-08, 0.99999994, 2.09419274e-13, 0, 7.30355305e-06, -1.44282901e-13, -0.99999994, 0, -3.58340912e-09, 0.0281642023, 1.14335251e-07, 1]
    ChildIds:
      []
  - Id: 23
    ParentId: 10
    Name: ring_01_l
    Offset: [-0.0356006548, 0.999366164, -2.59302851e-07, -0, 7.25923519e-06, -3.89556609e-09, -1.00000024, 0, -0.999366105, -0.0356006771, -7.23533594e-06, 0, -0.0519128367, -0.860393226, 1.44089985, 1]
    Transform: [-7.8678122e-06, -0.0356007963, -0.999366105, 0, -1.89198399e-08, 0.999365866, -0.0356007926, 0, 1.00000012, -2.59828369e-07, -7.86781311e-06, 0, -0.000100191202, 0.1190999, -0.0171000045, 1]
    ChildIds:
      - 24
  - Id: 24
    ParentId: 23
    Name: ring_02_l
    Offset: [-0.0355762914, 0.999367058, -2.56886665e-07, -0, 7.23998028e-06, -2.34024422e-09, -1.00000024, 0, -0.999366999, -0.0355763137, -7.21615515e-06, 0, -0.0519347414, -0.899716973, 1.44089985, 1]
    Transform: [1, 2.43801624e-05, 1.92550154e-08, 0, -2.43801624e-05, 1, -1.73230208e-09, 0, -1.9255058e-08, 1.73183268e-09, 1, 0, -7.83074938e-10, 0.039324984, -1.02464767e-07, 1]
    ChildIds:
      - 25
  - Id: 25
    ParentId: 24
    Name: ring_03_l
    Offset: [-0.0377089866, 0.999288917, -2.7228603e-07, -0, 7.23998073e-06, -2.29911823e-09, -1.00000024, 0, -0.999288797, -0.0377090089, -7.21558627e-06, 0, -0.0499485284, -0.930745304, 1.44089985, 1]
    Transform: [0.999997735, -0.00213412568, -1.22453549e-11, 0, 0.00213412545, 0.999997675, 1.54098849e-08, 0, -2.06413064e-11, -1.5409876e-08, 1, 0, -6.17637852e-09, 0.0309195537, -1.01905982e-07, 1]
    ChildIds:
      - 26
  - Id: 26
    ParentId: 25
    Name: ring_04_leaf_l
    Offset: [0.0377089903, 0.999288917, -3.12346971e-09, -0, 6.3574042e-08, -2.29921771e-09, 1.00000024, 0, 0.999288797, -0.0377090126, -8.27724236e-08, -0, 0.0499380082, -0.962567925, -1.44090021, 1]
    Transform: [-1, 3.7252903e-09, -7.3035535e-06, 0, 3.7252903e-09, 1, 1.13961981e-13, 0, 7.3035535e-06, 8.67541309e-14, -1, 0, 1.27511157e-09, 0.0318225957, -1.16248003e-07, 1]
    ChildIds:
      []
  - Id: 27
    ParentId: 10
    Name: thumb_01_l
    Offset: [0.489805996, 0.794796765, 0.358312339, -0, 0.871831238, -0.446201056, -0.202027574, 0, -0.000691577618, 0.411342114, -0.911480665, -0, -1.61156809, 0.0368204266, -0.0170489289, 1]
    Transform: [-0.871831179, 0.489806175, -0.00069102546, 0, 0.446201414, 0.794797122, 0.411341906, 0, 0.202026993, 0.358312279, -0.911481023, 0, 0.022799829, 0.027299935, 0.0335999951, 1]
    ChildIds:
      - 28
  - Id: 28
    ParentId: 27
    Name: thumb_02_l
    Offset: [0.489935279, 0.794652522, 0.358455449, -0, 0.871758461, -0.446229786, -0.202277899, 0, -0.000787213328, 0.411589563, -0.911368906, -0, -1.61157107, -0.00605027378, -0.0168117769, 1]
    Transform: [1, 9.58892488e-05, 0.000148201332, 0, -9.58489982e-05, 0.999999821, -0.000271435478, 0, -0.000148227336, 0.000271421275, 0.999999881, 0, 5.9044396e-09, 0.0430297926, 4.28408384e-08, 1]
    ChildIds:
      - 29
  - Id: 29
    ParentId: 28
    Name: thumb_03_l
    Offset: [0.489026129, 0.795354307, 0.358140528, -0, 0.872268558, -0.445396423, -0.201915771, 0, -0.00108014047, 0.411136746, -0.911573052, -0, -1.61150861, -0.0568620488, -0.0170448218, 1]
    Transform: [0.999999285, -0.00107063004, -0.000162103723, 0, 0.00107071036, 0.999999166, 0.000495682471, 0, 0.000161572927, -0.000495855696, 0.999999821, 0, -1.23012342e-07, 0.0490779467, -2.51457095e-08, 1]
    ChildIds:
      - 30
  - Id: 30
    ParentId: 29
    Name: thumb_04_leaf_l
    Offset: [-0.0742532983, 0.795354128, 0.601579428, -0, 0.601579547, -0.445396841, 0.663116872, -0, 0.795354247, 0.411136448, -0.445396692, -0, -0.770838261, -0.0977236778, -1.41529453, 1]
    Transform: [0.487567902, 4.9384505e-07, -0.873085201, 0, -4.45743041e-07, 1, 3.16710242e-07, 0, 0.873085082, 2.3475387e-07, 0.487567842, 0, -2.07874109e-07, 0.0408623107, -1.86264515e-08, 1]
    ChildIds:
      []
  - Id: 31
    ParentId: 4
    Name: clavicle_r
    Offset: [0.507312834, -0.861761689, -0.000551101111, -0, 5.16320433e-05, -0.000609130948, 1, 0, -0.861761928, -0.507312715, -0.000264535716, 0, 0.070991978, 0.0209090505, -1.45789146, 1]
    Transform: [0.507312775, 0.0279645007, -0.861308157, 0, -0.861761868, 0.015823245, -0.507066309, 0, -0.00055111968, 0.999483764, 0.0321260691, 0, -0.0187999997, 0.140553579, 0.0808950365, 1]
    ChildIds:
      - 32
  - Id: 32
    ParentId: 31
    Name: upperarm_r
    Offset: [-7.31223906e-07, -0.999853313, -0.0171257518, 0, 1.00000024, -4.8421672e-08, -4.09874556e-05, 0, 4.09882487e-05, -0.0171257388, 0.999853313, -0, -1.44079792, -0.192991793, 0.0621630885, 1]
    Transform: [1.59740448e-05, -0.000629271846, 0.999999881, 0, -0.492480189, 0.870323479, 0.000555564824, 0, -0.870323777, -0.492480099, -0.000295996666, 0, 0.030072337, 0.218581751, -0.0169684552, 1]
    ChildIds:
      - 33
  - Id: 33
    ParentId: 32
    Name: lowerarm_r
    Offset: [4.86383245e-09, -0.999851346, 0.0172388609, -0, 1.00000024, -1.89968947e-08, -2.74166069e-07, 0, 2.82101553e-07, 0.017238874, 0.999851346, -0, -1.44080031, -0.465022177, 0.0781285167, 1]
    Transform: [1, -3.88563954e-08, -4.07127845e-05, 0, 1.43770592e-06, 0.999409556, 0.0343595408, 0, 4.06874133e-05, -0.0343595408, 0.999409556, 0, -1.48123348e-07, 0.274440229, -7.94170774e-09, 1]
    ChildIds:
      - 34
  - Id: 34
    ParentId: 33
    Name: hand_r
    Offset: [-1.08994126e-13, -1, 1.37835741e-07, -0, 1.00000024, -1.91315923e-08, 7.98402709e-07, -0, -7.90753688e-07, 1.52736916e-07, 1, -0, -1.44080019, -0.738899946, 0.065399006, 1]
    Transform: [1, -1.36315865e-08, -1.07277992e-06, 0, -4.86379514e-09, 0.999851346, -0.0172387231, 0, 1.0728553e-06, 0.0172387231, 0.999851346, 0, -2.20433414e-08, 0.272640467, 1.72497039e-09, 1]
    ChildIds:
      - 35
      - 39
      - 43
      - 47
      - 51
  - Id: 35
    ParentId: 34
    Name: index_01_r
    Offset: [5.40097744e-10, -1.00000012, 1.04656741e-13, -0, -7.23233234e-06, -1.91317095e-08, -1.00000024, 0, 1, 1.54412767e-08, -7.23997937e-06, -0, 0.0345104374, -0.858799934, 1.43879998, 1]
    Transform: [-8.10623169e-06, 1.37295629e-07, 0.99999994, 0, 4.3200332e-15, 0.99999994, -1.37295615e-07, 0, -0.99999994, -1.11121811e-12, -8.10623169e-06, 0, -0.0019998278, 0.119899958, 0.0308999997, 1]
    ChildIds:
      - 36
  - Id: 36
    ParentId: 35
    Name: index_02_r
    Offset: [7.56912137e-19, -1.00000012, -1.35580169e-20, -0, -7.23998028e-06, -1.91316012e-08, -1.00000024, 0, 1, 1.4901179e-08, -7.24762731e-06, -0, 0.0345104486, -0.899500012, 1.43879998, 1]
    Transform: [1, 5.40096856e-10, 7.64816832e-09, 0, -5.40096856e-10, 1, -1.04790952e-13, 0, -7.64816832e-09, 1.04786819e-13, 1, 0, -5.35525269e-09, 0.0407001078, -1.078484e-07, 1]
    ChildIds:
      - 37
  - Id: 37
    ParentId: 36
    Name: index_03_r
    Offset: [-4.64609583e-26, -1.00000012, 1.61592436e-27, 0, -7.23998028e-06, -1.91316012e-08, -1.00000024, 0, 1, 1.49011807e-08, -7.24762731e-06, -0, 0.0345104523, -0.934300065, 1.4388001, 1]
    Transform: [1, -8.3637489e-16, 2.27373675e-13, 0, 8.3637489e-16, 1, -2.36766038e-16, 0, -2.27373675e-13, 2.36766038e-16, 1, 0, -4.69663064e-09, 0.0348000228, -1.07584469e-07, 1]
    ChildIds:
      - 38
  - Id: 38
    ParentId: 37
    Name: index_04_leaf_r
    Offset: [6.26695069e-34, -1.00000012, 3.50478759e-41, -0, -6.35741486e-08, -1.91315994e-08, 1.00000024, 0, -1, 1.49011807e-08, -5.59257494e-08, -0, -0.0344999433, -0.964400053, -1.43880033, 1]
    Transform: [-1, -3.53202231e-16, 7.30355305e-06, 0, -3.53205672e-16, 1, -4.73663577e-16, 0, -7.30355305e-06, -4.73666118e-16, -1, 0, -9.71340341e-10, 0.03009996, 1.16248202e-08, 1]
    ChildIds:
      []
  - Id: 39
    ParentId: 34
    Name: middle_01_r
    Offset: [-0.0472285226, -0.998884201, 3.42027022e-07, 0, -7.23327321e-06, -2.0263208e-08, -1.00000024, 0, 0.998884141, -0.0472285114, -7.2319026e-06, -0, 0.0195031464, -0.862382948, 1.44120014, 1]
    Transform: [-8.10623078e-06, 0.0472286567, 0.998884082, 0, 3.87084711e-08, 0.998883963, -0.047228653, 0, -1, -3.39689592e-07, -8.10623169e-06, 0, 0.000400233199, 0.121599935, 0.00520000234, 1]
    ChildIds:
      - 40
  - Id: 40
    ParentId: 39
    Name: middle_02_r
    Offset: [-0.0442045629, -0.999022603, 3.20339609e-07, 0, -7.23997982e-06, -2.01494927e-08, -1.00000024, 0, 0.999022543, -0.0442045517, -7.23966969e-06, -0, 0.0222417936, -0.90466702, 1.44120014, 1]
    Transform: [0.99999541, -0.00302711874, 6.80076884e-09, 0, 0.00302711874, 0.99999541, -2.20095853e-08, 0, -6.73411193e-09, 2.20300702e-08, 1, 0, 6.31189323e-10, 0.0423472822, -9.73759597e-08, 1]
    ChildIds:
      - 41
  - Id: 41
    ParentId: 40
    Name: middle_03_r
    Offset: [-0.0464615561, -0.998920202, 3.3669329e-07, 0, -7.23998028e-06, -2.01646717e-08, -1.00000024, 0, 0.998920083, -0.0464615487, -7.23888206e-06, -0, 0.0201211479, -0.938648045, 1.44120014, 1]
    Transform: [0.999997437, 0.00225931616, -2.66551017e-11, 0, -0.00225931592, 0.999997377, 1.63726366e-08, 0, 6.36459982e-11, -1.63725353e-08, 1, 0, 2.14186002e-09, 0.0339331813, 4.1895845e-08, 1]
    ChildIds:
      - 42
  - Id: 42
    ParentId: 41
    Name: middle_04_leaf_r
    Offset: [0.0464615747, -0.998920202, 2.6411342e-09, -0, -6.35744897e-08, -2.01646895e-08, 1.00000024, 0, -0.998920083, -0.0464615673, -5.67838647e-08, -0, -0.0201106053, -0.973085284, -1.44120038, 1]
    Transform: [-1, -1.86264515e-08, 7.30355259e-06, 0, -1.86264515e-08, 1, 1.54850389e-13, 0, -7.30355259e-06, 1.88111313e-14, -1, 0, 4.00359568e-09, 0.0344372168, 2.65271751e-08, 1]
    ChildIds:
      []
  - Id: 43
    ParentId: 34
    Name: pinky_01_r
    Offset: [-0.0670131966, -0.997752011, 4.86011515e-07, 0, -7.23410812e-06, -2.6147065e-08, -1.00000024, 0, 0.997752011, -0.0670131743, -7.22368122e-06, -0, 0.0492383465, -0.851813555, 1.43920004, 1]
    Transform: [-7.9870224e-06, 0.0670133382, 0.99775207, 0, 4.43086883e-08, 0.99775207, -0.0670133382, 0, -1, -4.91606272e-07, -7.9870224e-06, 0, -0.00159970473, 0.107699946, -0.0408000015, 1]
    ChildIds:
      - 44
  - Id: 44
    ParentId: 43
    Name: pinky_02_r
    Offset: [-0.0686778799, -0.997638941, 4.97628946e-07, 0, -7.23997891e-06, -2.53198262e-08, -1.00000024, 0, 0.997638822, -0.068677865, -7.22873256e-06, -0, 0.0477497876, -0.892185092, 1.43920004, 1]
    Transform: [0.999998569, 0.00166852784, 5.83740967e-09, 0, -0.00166852761, 0.99999845, 1.12430936e-08, 0, -5.8186429e-09, -1.12528191e-08, 1, 0, 8.57653504e-10, 0.0402905382, -1.9636559e-09, 1]
    ChildIds:
      - 45
  - Id: 45
    ParentId: 44
    Name: pinky_03_r
    Offset: [-0.067461662, -0.99772191, 4.88818785e-07, 0, -7.23998028e-06, -2.53127759e-08, -1.00000024, 0, 0.997721791, -0.0674616471, -7.22936602e-06, -0, 0.0488710888, -0.919791579, 1.43919992, 1]
    Transform: [0.999999285, -0.00121904165, 3.77667862e-11, 0, 0.00121904165, 0.999999285, -8.83281892e-09, 0, -2.69991841e-11, 8.832858e-09, 1, 0, 3.58431862e-09, 0.0276653636, -1.17159118e-08, 1]
    ChildIds:
      - 46
  - Id: 46
    ParentId: 45
    Name: pinky_04_leaf_r
    Offset: [0.0674617067, -0.99772191, 3.8912038e-09, -0, -6.35743049e-08, -2.53126853e-08, 1.00000024, 0, -0.997721791, -0.0674616918, -5.75478474e-08, -0, -0.048860535, -0.947955728, -1.43920028, 1]
    Transform: [-1, -5.21540642e-08, 7.30355305e-06, 0, -5.21540642e-08, 1, 2.5422481e-13, 0, -7.30355305e-06, -1.26685175e-13, -1, 0, 3.58249963e-09, 0.0281641707, -1.22799037e-07, 1]
    ChildIds:
      []
  - Id: 47
    ParentId: 34
    Name: ring_01_r
    Offset: [-0.0356006548, -0.999366283, 2.56098105e-07, 0, -7.23310359e-06, -1.86842968e-08, -1.00000024, 0, 0.999366105, -0.0356006473, -7.23544645e-06, -0, 0.0519128069, -0.860393167, 1.44089973, 1]
    Transform: [-7.8678122e-06, 0.0356007963, 0.999366105, 0, 2.84584285e-08, 0.999365866, -0.0356007926, 0, -1.00000012, -2.52152404e-07, -7.86781311e-06, 0, 0.000100201039, 0.119099937, -0.0171000026, 1]
    ChildIds:
      - 48
  - Id: 48
    ParentId: 47
    Name: ring_02_r
    Offset: [-0.0355762877, -0.999367177, 2.57816197e-07, 0, -7.23998028e-06, -2.03350314e-08, -1.00000024, 0, 0.999366999, -0.0355762802, -7.2422672e-06, -0, 0.0519347563, -0.899716914, 1.44089985, 1]
    Transform: [1, -2.4382025e-05, 6.87736046e-09, 0, 2.4382025e-05, 1, 1.47437007e-09, 0, -6.87739599e-09, -1.47420243e-09, 1, 0, -2.54203769e-09, 0.0393250175, -2.18789026e-07, 1]
    ChildIds:
      - 49
  - Id: 49
    ParentId: 48
    Name: ring_03_r
    Offset: [-0.0377089828, -0.999289036, 2.73269933e-07, 0, -7.23998119e-06, -2.03496686e-08, -1.00000024, 0, 0.999288797, -0.0377089754, -7.24165784e-06, -0, 0.0499485433, -0.930745244, 1.44089985, 1]
    Transform: [0.999997735, 0.00213412568, -2.61066342e-11, 0, -0.00213412545, 0.999997675, 1.54656927e-08, 0, 5.91123053e-11, -1.54656021e-08, 1, 0, 2.45108822e-09, 0.0309195854, -1.00549158e-07, 1]
    ChildIds:
      - 50
  - Id: 50
    ParentId: 49
    Name: ring_04_leaf_r
    Offset: [0.0377089903, -0.999289334, 2.13962759e-09, -0, -6.3573232e-08, -2.03496491e-08, 1.00000024, 0, -0.999288797, -0.037708994, -5.67007561e-08, -0, -0.0499380156, -0.962568223, -1.44090021, 1]
    Transform: [-1, -7.45058149e-09, 7.30355259e-06, 0, -7.45057926e-09, 0.999999702, 3.93131809e-14, 0, -7.30355259e-06, -1.51025212e-14, -1, 0, -1.27602107e-09, 0.0318226293, 4.26419433e-09, 1]
    ChildIds:
      []
  - Id: 51
    ParentId: 34
    Name: thumb_01_r
    Offset: [0.489806205, -0.794796824, -0.358312339, -0, -0.871831238, -0.446201175, -0.202027783, 0, 0.000691667257, 0.411342204, -0.911480725, -0, 1.61156821, 0.0368206464, -0.0170486178, 1]
    Transform: [-0.87183094, -0.489806205, 0.000691042806, 0, -0.446201444, 0.794797122, 0.411341786, 0, -0.202026978, 0.35831213, -0.911480784, 0, -0.0227998234, 0.0272999685, 0.0335999951, 1]
    ChildIds:
      - 52
  - Id: 52
    ParentId: 51
    Name: thumb_02_r
    Offset: [0.489935309, -0.794652641, -0.358455449, -0, -0.87175864, -0.446229815, -0.202277914, 0, 0.000787213561, 0.411589563, -0.911369085, -0, 1.61157119, -0.00605036691, -0.0168117136, 1]
    Transform: [1, -9.57487136e-05, -0.000148018531, 0, 9.57085431e-05, 0.999999881, -0.000271346042, 0, 0.000148044477, 0.000271331897, 0.999999881, 0, -7.17227522e-09, 0.0430298597, -1.67638063e-08, 1]
    ChildIds:
      - 53
  - Id: 53
    ParentId: 52
    Name: thumb_03_r
    Offset: [0.489026099, -0.795354366, -0.358140618, -0, -0.872268677, -0.445396364, -0.201915637, 0, 0.00107996177, 0.411136717, -0.911573052, -0, 1.61150861, -0.0568621047, -0.0170450099, 1]
    Transform: [0.999999285, 0.00107059313, 0.000162264041, 0, -0.00107067346, 0.999999225, 0.000495615241, 0, -0.000161733347, -0.000495788758, 0.999999881, 0, -5.58043212e-08, 0.0490778834, 5.58793545e-09, 1]
    ChildIds:
      - 54
  - Id: 54
    ParentId: 53
    Name: thumb_04_leaf_r
    Offset: [-0.0742533132, -0.795354366, -0.601579487, 0, -0.601579607, -0.445396811, 0.663116932, 0, -0.795354426, 0.411136508, -0.445396692, -0, 0.77083838, -0.0977237821, -1.41529453, 1]
    Transform: [0.48756808, -4.91844048e-07, 0.873084962, 0, 4.52487939e-07, 1, 3.10651757e-07, 0, -0.873084962, 2.43596531e-07, 0.48756808, 0, -6.44449756e-08, 0.0408622995, 1.49011612e-08, 1]
    ChildIds:
      []
  - Id: 55
    ParentId: 1
    Name: thigh_l
    Offset: [1, -0, 0, -0, -0, -0.999975562, 0.00699457712, 0, 0, -0.00699442811, -0.999975741, -0, -0.0889999941, 0.932087004, -0.00511971023, 1]
    Transform: [1, 0, 0, 0, 0, -0.970050812, 0.242901877, 0, 0, -0.242901832, -0.970050633, 0, 0.0890000015, 0.0277708415, 0.0460237972, 1]
    ChildIds:
      - 56
  - Id: 56
    ParentId: 55
    Name: calf_l
    Offset: [1, -0, -0.000262522197, -0, 2.10272174e-05, -0.99678719, 0.0800969005, 0, -0.000261678797, -0.0800967664, -0.996787369, 0, -0.0890115499, 0.529979348, -0.0439677015, 1]
    Transform: [0.999999881, -1.91963645e-05, 0.000261819368, 0, 1.30293931e-12, 0.997322798, 0.0731228217, 0, -0.000262522168, -0.0731228217, 0.997322798, 0, 7.4505806e-09, 0.400309771, -2.32830644e-10, 1]
    ChildIds:
      - 57
  - Id: 57
    ParentId: 56
    Name: foot_l
    Offset: [0.999999523, 2.91038409e-11, -0.00103580032, -0, -0.000890555675, -0.510672212, -0.859775007, 0, -0.000528954435, 0.859775662, -0.510671973, -0, -0.0889265314, 0.0837367326, 0.0709688365, 1]
    Transform: [0.999999523, 0.000930062204, 0.000193402127, 0, -0.000235722924, 0.440165937, -0.897916496, 0, -0.000920247054, 0.897915959, 0.440165907, 0, -7.2191142e-09, 0.429479897, 2.40834197e-09, 1]
    ChildIds:
      - 58
  - Id: 58
    ParentId: 57
    Name: ball_l
    Offset: [-1.00000012, 4.87804241e-15, -4.09199963e-08, 0, -4.08617886e-08, -1.19209282e-07, 1.00000012, 0, 1.21777588e-15, 0.999999821, -2.98023206e-08, -0, 0.0890000165, -0.113199957, -0.0152000217, 1]
    Transform: [-0.999999523, 2.08403197e-08, 0.00103583536, 0, -0.000528954493, 0.859775841, -0.510672033, 0, -0.000890596421, -0.510672033, -0.859775007, 0, 3.91992216e-09, 0.173301086, -8.57835403e-09, 1]
    ChildIds:
      - 59
  - Id: 59
    ParentId: 58
    Name: ball_leaf_l
    Offset: [-1.00000012, 4.87977714e-15, -5.82076748e-11, 0, 1.57772181e-29, -1.49011598e-07, 1.00000012, 0, -1.05879106e-22, 0.999999821, -3.55271347e-15, 0, 0.0890000165, -0.192099974, -0.0152000319, 1]
    Transform: [1, -1.25524671e-22, 4.08617851e-08, 0, 1.21777609e-15, 1, -2.98023188e-08, 0, -4.08617851e-08, 2.98023188e-08, 1, 0, 6.82948054e-09, 0.0789000317, -5.36801714e-11, 1]
    ChildIds:
      []
  - Id: 60
    ParentId: 1
    Name: thigh_r
    Offset: [1, -0, 0, -0, -0, -0.999975562, 0.00699457712, 0, 0, -0.00699442811, -0.999975741, -0, 0.0889999941, 0.932087004, -0.00511971023, 1]
    Transform: [1, 0, 0, 0, 0, -0.970050812, 0.242901877, 0, 0, -0.242901832, -0.970050633, 0, -0.0890000015, 0.0277708415, 0.0460237972, 1]
    ChildIds:
      - 61
  - Id: 61
    ParentId: 60
    Name: calf_r
    Offset: [1, -0, -0.000262522197, -0, 2.10272174e-05, -0.99678719, 0.0800969005, 0, -0.000261678797, -0.0800967664, -0.996787369, 0, 0.0889884606, 0.529979289, -0.0440144315, 1]
    Transform: [0.999999881, -1.91963645e-05, 0.000261819368, 0, 1.30293931e-12, 0.997322798, 0.0731228217, 0, -0.000262522168, -0.0731228217, 0.997322798, 0, -7.4505806e-09, 0.400309771, -2.32830644e-10, 1]
    ChildIds:
      - 62
  - Id: 62
    ParentId: 61
    Name: foot_r
    Offset: [0.999999523, 2.91038409e-11, -0.00103580032, -0, -0.000890555675, -0.510672212, -0.859775007, 0, -0.000528954435, 0.859775662, -0.510671973, -0, 0.0890733674, 0.0837367326, 0.0707844645, 1]
    Transform: [0.999999523, 0.000930062204, 0.000193402127, 0, -0.000235722924, 0.440165937, -0.897916496, 0, -0.000920247054, 0.897915959, 0.440165907, 0, 7.682047e-09, 0.429479837, 1.31694833e-09, 1]
    ChildIds:
      - 63
  - Id: 63
    ParentId: 62
    Name: ball_r
    Offset: [-1.00000012, 4.87804241e-15, -4.09199963e-08, 0, -4.08617886e-08, -1.19209282e-07, 1.00000012, 0, 1.21777588e-15, 0.999999821, -2.98023206e-08, -0, -0.0890000165, -0.113199957, -0.0152000291, 1]
    Transform: [-0.999999523, 2.08403197e-08, 0.00103583536, 0, -0.000528954493, 0.859775841, -0.510672033, 0, -0.000890596421, -0.510672033, -0.859775007, 0, -3.53065843e-09, 0.173301086, -8.18545232e-09, 1]
    ChildIds:
      - 64
  - Id: 64
    ParentId: 63
    Name: ball_leaf_r
    Offset: [-1.00000012, 4.87977714e-15, -5.82076748e-11, 0, 1.57772181e-29, -1.49011598e-07, 1.00000012, 0, -1.05879106e-22, 0.999999821, -3.55271347e-15, 0, -0.0890000165, -0.192099974, -0.0152000319, 1]
    Transform: [1, -1.25524671e-22, 4.08617851e-08, 0, 1.21777609e-15, 1, -2.98023188e-08, 0, -4.08617851e-08, 2.98023188e-08, 1, 0, -8.0716811e-09, 0.0789000317, -2.20501395e-10, 1]
    ChildIds:
      []