RootBoneIds:
  - 0
Bones:
  - Id: 0
    ParentId: 4294967295
    Name: mixamorig:Hips
    Offset: [100, -0.00878096186, -0.000278699503, -0, 0.00878096186, 100, 7.52531741e-06, -0, 0.000278698833, -7.54978964e-06, 100, -0, -0.00875593536, -99.7919388, -4.84229931e-05, 1]
    Transform: [1, 2.78700099e-06, -8.7809618e-05, 0, -8.7809618e-05, 5.96046448e-08, -0.99999994, 0, -2.78700099e-06, 0.99999994, 5.96046448e-08, 0, -6.75701131e-06, 4.84474003e-05, -99.7919388, 1]
    ChildIds:
      - 1
      - 55
      - 60
  - Id: 1
    ParentId: 0
    Name: mixamorig:Spine
    Offset: [100, -0.00990401581, -0.00141554105, -0, 0.010002574, 99.2623749, 12.1236353, -0, 0.000204372991, -12.1236353, 99.2623749, -0, -0.01095693, -109.054893, -12.083252, 1]
    Transform: [1, 1.22161246e-05, -7.43257431e-07, 0, -1.22161237e-05, 0.992623627, -0.121236272, 0, -7.4326249e-07, 0.121236272, 0.992623627, 0, 0.000859786058, 9.92346191, -1.22733498, 1]
    ChildIds:
      - 2
  - Id: 2
    ParentId: 1
    Name: mixamorig:Spine1
    Offset: [100.000008, -0.0080413511, -0.00141238666, -0, 0.00815309957, 99.2671204, 12.0846977, -0, 0.000430262618, -12.0846977, 99.2671127, -0, -0.00870640576, -120.791611, -12.0358734, 1]
    Transform: [1, -1.86321904e-05, -2.70161671e-12, 0, 1.86321904e-05, 0.99999994, 0.000392246875, 0, -7.30571692e-09, -0.000392246875, 0.99999994, 0, -1.48020263e-09, 11.7319918, 1.20875188e-06, 1]
    ChildIds:
      - 3
  - Id: 3
    ParentId: 2
    Name: mixamorig:Spine2
    Offset: [100, -0.00878110528, -1.54598574e-08, -0, 0.00878096372, 99.9984055, 0.565549195, 0, -4.96459033e-05, -0.565549195, 99.9984055, -0, -0.00957279373, -134.743088, 3.51411533, 1]
    Transform: [1, 6.81258734e-06, -4.00515773e-06, 0, -6.3056882e-06, 0.993338645, 0.115231, 0, 4.76349942e-06, -0.115230992, 0.993338585, 0, 6.18456397e-11, 13.4588461, -1.39860379e-06, 1]
    ChildIds:
      - 4
      - 7
      - 31
  - Id: 4
    ParentId: 3
    Name: mixamorig:Neck
    Offset: [100, -0.00878096372, 4.96452885e-05, -0, 0.00878096186, 100, 7.22818595e-06, -0, -4.96458306e-05, -7.21946708e-06, 100, -0, -0.00959827192, -149.75351, 3.48318243, 1]
    Transform: [1, -1.13331696e-11, 6.97889609e-13, 0, 1.1329041e-11, 0.999984026, 0.00565541955, 0, -7.61972245e-13, -0.00565541955, 0.999984026, 0, 2.54800834e-05, 15.0277405, 0.877907336, 1]
    ChildIds:
      - 5
  - Id: 5
    ParentId: 4
    Name: mixamorig:Head
    Offset: [100.000008, -0.00878096372, 4.9645223e-05, -0, 0.00878096279, 100.000023, 8.44272199e-06, -0, -4.9645867e-05, -8.43400267e-06, 100.000008, -0, -0.00960083399, -160.075378, 0.340752125, 1]
    Transform: [1, -7.27898297e-12, -3.32372964e-13, 0, 7.2789821e-12, 0.999999881, -1.21453452e-08, 0, 3.32373072e-13, 1.2145347e-08, 1, 0, 2.56034673e-06, 10.3218384, 3.1424284, 1]
    ChildIds:
      - 6
  - Id: 6
    ParentId: 5
    Name: mixamorig:HeadTop_End
    Offset: [100.000008, -0.00878096372, 4.9645183e-05, -0, 0.00878096279, 100.000023, 8.44272199e-06, -0, -4.96458269e-05, -8.43400267e-06, 100.000008, -0, -0.00975534972, -178.550049, -6.29564762, 1]
    Transform: [1, 3.63796775e-12, 4.28240342e-13, 0, -3.63796818e-12, 1.00000012, 3.49546738e-15, 0, -4.28240342e-13, -3.49546696e-15, 1, 0, 0.00015451666, 18.4746857, 6.63639975, 1]
    ChildIds:
      []
  - Id: 7
    ParentId: 3
    Name: mixamorig:LeftShoulder
    Offset: [-20.1230488, 97.9320145, -2.09211349, -0, 0.421062648, -2.04929781, -99.9781036, 0, -97.953476, -20.1274681, 2.46416112e-05, 0, -2.87503815, -3.74767637, 143.928177, 1]
    Transform: [-0.201229721, 0.00976795051, -0.979495406, 0, 0.979318917, -0.0194404162, -0.20138742, 0, -0.0210089702, -0.99976337, -0.00565385865, 0, 6.10582447, 9.10626602, 0.757062554, 1]
    ChildIds:
      - 8
  - Id: 8
    ParentId: 7
    Name: mixamorig:LeftArm
    Offset: [2.49430595e-05, 99.9999924, 0.00890884455, -0, -1.28985794e-05, 0.00891443156, -99.9999924, 0, -99.9999924, 1.22073225e-05, 1.118604e-05, -0, -6.17146397, -18.7706261, 143.565506, 1]
    Transform: [0.979534805, 0.201274827, -1.37137249e-07, 0, -0.201230347, 0.97931838, -0.0210102014, 0, -0.00422869157, 0.0205802564, 0.999779284, 0, -1.78813934e-07, 12.9222879, -1.10574947e-05, 1]
    ChildIds:
      - 9
  - Id: 9
    ParentId: 8
    Name: mixamorig:LeftForeArm
    Offset: [2.59019835e-05, 99.9999924, 0.00889630057, -0, -1.30399376e-05, 0.0089018885, -99.9999924, 0, -99.9999924, 1.31662373e-05, 1.13274837e-05, -0, -6.17147875, -46.1752815, 143.565506, 1]
    Transform: [1, 9.58910817e-09, 1.4144389e-09, 0, -9.58910817e-09, 1, 1.25437509e-07, 0, -1.41443779e-09, -1.25437509e-07, 1, 0, 1.44535716e-05, 27.4046745, 7.24126403e-06, 1]
    ChildIds:
      - 10
  - Id: 10
    ParentId: 9
    Name: mixamorig:LeftHand
    Offset: [2.60569414e-05, 99.9999924, 0.0088939406, -0, -1.28849661e-05, 0.00889952853, -99.9999924, 0, -99.9999924, 1.33212088e-05, 1.11725258e-05, -0, -6.1714797, -73.7897415, 143.565491, 1]
    Transform: [1, 1.54971014e-09, -1.54957724e-09, 0, -1.54971014e-09, 1, 2.35959376e-08, 0, 1.54957724e-09, -2.35959376e-08, 1, 0, 3.87988621e-07, 27.61446, 1.67012913e-05, 1]
    ChildIds:
      - 11
      - 15
      - 19
      - 23
      - 27
  - Id: 11
    ParentId: 10
    Name: mixamorig:LeftHandThumb1
    Offset: [38.7316818, 77.4637375, -49.9922676, -0, -22.3571014, -44.7145004, -86.6070023, 0, -89.4428024, 44.7211609, -2.72848356e-05, -0, -1.26248896, 4.56015491, 161.243835, 1]
    Transform: [0.894428253, 0.387296736, 0.223605394, 0, -0.447211444, 0.774597526, 0.447213918, 0, 3.20374966e-07, -0.499999732, 0.866025567, 0, -3.00297189, 3.7888062, 2.16714621, 1]
    ChildIds:
      - 12
  - Id: 12
    ParentId: 11
    Name: mixamorig:LeftHandThumb2
    Offset: [38.7318878, 77.463028, -49.9931984, -0, -22.3571644, -44.7155075, -86.6064682, 0, -89.4427032, 44.7213707, -0.000618456281, -0, -1.262568, -0.182843208, 161.243851, 1]
    Transform: [1, 2.3655623e-06, -4.86713134e-07, 0, -2.36555661e-06, 1.00000012, 1.22723204e-05, 0, 4.86742124e-07, -1.22723168e-05, 1, 0, 5.24520874e-06, 4.7449851, -3.52916186e-06, 1]
    ChildIds:
      - 13
  - Id: 13
    ParentId: 12
    Name: mixamorig:LeftHandThumb3
    Offset: [38.7317886, 77.4629364, -49.9934082, -0, -22.357172, -44.715744, -86.6063461, 0, -89.4427414, 44.7212906, -0.000680301862, -0, -1.26246846, -4.56456137, 161.243835, 1]
    Transform: [1, -9.20147386e-07, 5.56474561e-07, 0, 9.20146022e-07, 1, 2.48593051e-06, 0, -5.56476891e-07, -2.48593028e-06, 1.00000012, 0, 1.60932541e-06, 4.38212109, -2.09068276e-05, 1]
    ChildIds:
      - 14
  - Id: 14
    ParentId: 13
    Name: mixamorig:LeftHandThumb4
    Offset: [60.6955643, 69.4001541, -38.7255402, -0, -6.48173332, -44.2424507, -89.4460297, 0, -79.2088089, 56.7998581, -22.3548679, -0, -42.2472992, -1.92335188, 155.810867, 1]
    Transform: [0.958041489, 0.14491719, -0.247296482, 0, -0.140320748, 0.989443779, 0.0362087935, 0, 0.249933243, 1.13025308e-05, 0.96826309, 0, -3.33786011e-06, 3.4590795, -2.43661689e-05, 1]
    ChildIds:
      []
  - Id: 15
    ParentId: 10
    Name: mixamorig:LeftHandIndex1
    Offset: [0.000944944448, 99.9999924, 0.00862516649, -0, -1.92576081e-05, 0.00863075349, -99.9999924, 0, -99.9999924, 0.000932208088, 1.76244394e-05, -0, -3.35022449, -86.0559387, 143.333908, 1]
    Transform: [1, 9.18887054e-06, 6.45442171e-08, 0, -9.18887054e-06, 1, 2.68774625e-06, 0, -6.45195186e-08, -2.6877467e-06, 1, 0, -2.82203674, 12.2666168, 0.231819168, 1]
    ChildIds:
      - 16
  - Id: 16
    ParentId: 15
    Name: mixamorig:LeftHandIndex2
    Offset: [-0.000293209305, 99.9999924, 0.00893591158, -0, -1.02859676e-05, 0.00894149859, -99.9999924, 0, -99.9999924, -0.000305944763, 8.54498376e-06, -0, -3.34912324, -89.9483948, 143.333633, 1]
    Transform: [1, -1.23815298e-05, -9.07850435e-08, 0, 1.23815298e-05, 1, -3.10745713e-06, 0, 9.08235123e-08, 3.10745622e-06, 1, 0, -3.07054506e-07, 3.89197135, 5.03813453e-06, 1]
    ChildIds:
      - 17
  - Id: 17
    ParentId: 16
    Name: mixamorig:LeftHandIndex3
    Offset: [-0.000294344762, 99.9999924, 0.00892330427, -0, -1.14214663e-05, 0.0089288922, -99.9999924, 0, -99.9999924, -0.000307080307, 9.68041968e-06, -0, -3.34912086, -93.363533, 143.333633, 1]
    Transform: [1, -1.13555894e-08, 1.13539729e-08, 0, 1.13555876e-08, 1, 1.26070574e-07, 0, -1.13539746e-08, -1.26070574e-07, 1, 0, 2.93148332e-08, 3.41516328, 1.01548503e-05, 1]
    ChildIds:
      - 18
  - Id: 18
    ParentId: 17
    Name: mixamorig:LeftHandIndex4
    Offset: [0.00419267407, 99.9999924, 0.00846139062, -0, 0.800304294, 0.00843315292, -99.9967804, 0, -99.9967804, 0.00424752245, -0.800305665, -0, -4.50053167, -96.4406586, 143.302689, 1]
    Transform: [0.999967992, 4.55842455e-05, -0.00800315477, 0, -4.55460322e-05, 1, 4.95740051e-06, 0, 0.00800315477, -4.59272951e-06, 0.999967992, 0, 6.79565346e-07, 3.07799482, -1.65323536e-06, 1]
    ChildIds:
      []
  - Id: 19
    ParentId: 10
    Name: mixamorig:LeftHandMiddle1
    Offset: [1.31948309e-05, 99.9999924, 0.00886655692, -0, -1.38262258e-05, 0.00887214579, -99.9999924, 0, -99.9999924, 4.59021379e-07, 1.21126404e-05, -0, -6.17145538, -86.5652313, 143.565521, 1]
    Transform: [1, -1.28621934e-07, 9.40115541e-09, 0, 1.28621934e-07, 1, 2.73830665e-07, 0, -9.40119094e-09, -2.73830665e-07, 1, 0, -1.16820538e-05, 12.7755251, -8.45068553e-06, 1]
    ChildIds:
      - 20
  - Id: 20
    ParentId: 19
    Name: mixamorig:LeftHandMiddle2
    Offset: [1.37828665e-05, 99.9999924, 0.0088207135, -0, -1.3238141e-05, 0.00882630236, -99.9999924, 0, -99.9999924, 1.04711421e-06, 1.15246066e-05, -0, -6.17145634, -90.1791306, 143.565567, 1]
    Transform: [1, 5.88088023e-09, -5.880334e-09, 0, -5.88087756e-09, 1, 4.58432623e-07, 0, 5.88033666e-09, -4.58432623e-07, 1, 0, 1.52743269e-07, 3.6139648, -1.69281975e-06, 1]
    ChildIds:
      - 21
  - Id: 21
    ParentId: 20
    Name: mixamorig:LeftHandMiddle3
    Offset: [1.29574191e-05, 99.9999924, 0.00870700832, -0, -1.40636503e-05, 0.00871259626, -99.9999924, 0, -99.9999924, 2.21605944e-07, 1.23500404e-05, -0, -6.17148304, -93.6387253, 143.565674, 1]
    Transform: [1, -8.25521518e-09, 8.25435809e-09, 0, 8.2552063e-09, 1, 1.13704664e-06, 0, -8.25436697e-09, -1.13704664e-06, 1, 0, 2.91838223e-05, 3.45976233, 2.78494463e-06, 1]
    ChildIds:
      - 22
  - Id: 22
    ParentId: 21
    Name: mixamorig:LeftHandMiddle4
    Offset: [-0.130894169, 99.9999084, 0.00833776966, -0, 0.915852785, 0.00954181422, -99.9957962, 0, -99.9957047, -0.130825043, -0.915866256, 0, -7.35875511, -97.3280945, 143.503494, 1]
    Transform: [0.999957204, -0.00130827422, -0.00915878545, 0, 0.00130825303, 0.999999166, -8.29244618e-06, 0, 0.00915878918, -3.68991846e-06, 0.999958038, 0, -3.09483876e-05, 3.68019557, 3.08790959e-06, 1]
    ChildIds:
      []
  - Id: 23
    ParentId: 10
    Name: mixamorig:LeftHandRing1
    Offset: [0.000926453446, 99.9999924, 0.00889805146, -0, -6.13176053e-06, 0.00890364125, -99.9999924, 0, -99.9999924, 0.00091371825, 4.49948766e-06, -0, -8.38890076, -85.9366837, 143.5755, 1]
    Transform: [1, 9.00397026e-06, -6.67307489e-08, 0, -9.00397026e-06, 1, -4.11156229e-08, 0, 6.67303794e-08, 4.11162269e-08, 1, 0, 2.21663809, 12.1470089, -0.00999806914, 1]
    ChildIds:
      - 24
  - Id: 24
    ParentId: 23
    Name: mixamorig:LeftHandRing2
    Offset: [-0.000692048226, 99.9999924, 0.00922730379, -0, -3.8127323e-06, 0.00923289359, -99.9999924, 0, -99.9999924, -0.00070478319, 2.03403442e-06, -0, -8.38745594, -89.538475, 143.575195, 1]
    Transform: [1, -1.61850148e-05, -2.46313334e-08, 0, 1.61850148e-05, 1, -3.29252794e-06, 0, 2.46846241e-08, 3.29252748e-06, 1, 0, 4.44886609e-07, 3.60118556, 1.57894083e-05, 1]
    ChildIds:
      - 25
  - Id: 25
    ParentId: 24
    Name: mixamorig:LeftHandRing3
    Offset: [-0.000677451899, 99.9999924, 0.00917163491, -0, 1.07848819e-05, 0.00917722378, -99.9999924, 0, -99.9999924, -0.000690185465, -1.25618499e-05, 0, -8.38748837, -92.8457184, 143.575226, 1]
    Transform: [1, 1.45976912e-07, -1.45962687e-07, 0, -1.45976827e-07, 1, 5.56693976e-07, 0, 1.45962773e-07, -5.56693976e-07, 1, 0, -1.32879859e-06, 3.30731487, 5.58402553e-06, 1]
    ChildIds:
      - 26
  - Id: 26
    ParentId: 25
    Name: mixamorig:LeftHandRing4
    Offset: [0.153333992, 99.9998779, 0.00852256082, -0, 1.47925591, 0.00625902181, -99.9890518, 0, -99.988945, 0.153430551, -1.47924638, -0, -10.6591082, -96.4885941, 143.436066, 1]
    Transform: [0.999889314, 0.00154147029, -0.014792311, 0, -0.00154120731, 0.999998808, 2.91817469e-05, 0, 0.0147923389, -6.3804996e-06, 0.999890506, 0, -2.40392583e-05, 3.6601007, 9.046895e-07, 1]
    ChildIds:
      []
  - Id: 27
    ParentId: 10
    Name: mixamorig:LeftHandPinky1
    Offset: [0.0281983148, 99.9999847, 0.00848401338, -0, 1.10621049e-05, 0.00848959852, -99.9999924, 0, -99.9999924, 0.0281855781, -1.03828888e-05, -0, -10.9212093, -84.6942596, 143.339706, 1]
    Transform: [0.999999821, 0.000281722576, -2.14398725e-07, 0, -0.000281722605, 0.99999994, 4.09933136e-06, 0, 2.15553612e-07, -4.09927043e-06, 1, 0, 4.72583723, 10.9081869, 0.226128042, 1]
    ChildIds:
      - 28
  - Id: 28
    ParentId: 27
    Name: mixamorig:LeftHandPinky2
    Offset: [-0.0453897268, 99.9999847, 0.00940871425, -0, 1.99812098e-06, 0.00941430405, -99.9999924, 0, -99.9999924, -0.0454024747, -7.98607562e-06, 0, -10.855835, -88.840271, 143.338898, 1]
    Transform: [0.999999642, -0.000735880516, 2.81665162e-08, 0, 0.000735880516, 0.999999642, -9.24699452e-06, 0, -2.13618243e-08, 9.24701362e-06, 1, 0, -4.42783858e-07, 4.13666201, -1.05401341e-06, 1]
    ChildIds:
      - 29
  - Id: 29
    ParentId: 28
    Name: mixamorig:LeftHandPinky3
    Offset: [0.000554487226, 100, 0.00887181889, -0, -2.08946367e-05, 0.0088774059, -100, 0, -100.000015, 0.000541742484, 1.92291027e-05, -0, -10.8978043, -91.4293365, 143.339386, 1]
    Transform: [0.999999821, 0.000459442119, 2.72180841e-07, 0, -0.000459442148, 0.999999881, 5.36896141e-06, 0, -2.69714093e-07, -5.36908601e-06, 1, 0, -1.31179399e-06, 2.59482837, 1.13048063e-05, 1]
    ChildIds:
      - 30
  - Id: 30
    ParentId: 29
    Name: mixamorig:LeftHandPinky4
    Offset: [-0.114525497, 99.9999313, 0.00845485553, -0, 0.819945335, 0.0093992101, -99.9966354, 0, -99.996582, -0.114465088, -0.819957495, 0, -11.9642658, -94.3664093, 143.245605, 1]
    Transform: [0.999965727, -0.00115007244, -0.00819976721, 0, 0.00115006824, 0.999999344, -5.21834954e-06, 0, 0.00819976721, -4.21212007e-06, 0.999966383, 0, -8.49095159e-07, 2.92386031, -9.44917792e-06, 1]
    ChildIds:
      []
  - Id: 31
    ParentId: 3
    Name: mixamorig:RightShoulder
    Offset: [-20.1226749, -97.9317093, 2.11043978, -0, -0.424759597, -2.06724381, -99.9777374, 0, 97.953537, -20.1271687, 7.24753409e-06, -0, 2.87915349, -3.72771668, 143.927933, 1]
    Transform: [-0.201227695, -0.00976961944, 0.979495883, 0, -0.979319215, -0.0194479264, -0.201385424, 0, 0.0210166276, -0.999763131, -0.0056540966, 0, -6.1056962, 9.10637665, 0.757075667, 1]
    ChildIds:
      - 32
  - Id: 32
    ParentId: 31
    Name: mixamorig:RightArm
    Offset: [6.9973983e-05, -99.9999695, 0.00868588407, -0, 5.18034039e-06, -0.00867675804, -100, 0, 99.9999924, 5.82576504e-05, 1.74875674e-06, -0, 6.1714263, -18.7513123, 143.565506, 1]
    Transform: [0.979535222, -0.201272279, 6.77537102e-08, 0, 0.201227829, 0.979318917, -0.021017557, 0, 0.00423018634, 0.0205874555, 0.999779105, 0, 2.38418579e-07, 12.9222851, -1.77624242e-05, 1]
    ChildIds:
      - 33
  - Id: 33
    ParentId: 32
    Name: mixamorig:RightForeArm
    Offset: [6.90708184e-05, -99.9999695, 0.00867527351, -0, 5.63355843e-06, -0.00866614655, -100, 0, 99.9999924, 5.73545258e-05, 2.20205948e-06, -0, 6.17142582, -46.1559982, 143.565506, 1]
    Transform: [1, 9.03126463e-09, -4.53296645e-09, 0, -9.03126374e-09, 0.99999994, -1.06105297e-07, 0, 4.53296556e-09, 1.06105304e-07, 1, 0, -5.50237019e-07, 27.4046688, -1.24437556e-05, 1]
    ChildIds:
      - 34
  - Id: 34
    ParentId: 33
    Name: mixamorig:RightHand
    Offset: [6.94841074e-05, -99.9999695, 0.00861600507, -0, 5.22030132e-06, -0.00860687718, -100, 0, 99.9999924, 5.77677856e-05, 1.78880055e-06, -0, 6.1714139, -73.770546, 143.56546, 1]
    Transform: [1, -4.1325996e-09, 4.13293177e-09, 0, 4.13260182e-09, 0.99999994, -5.92684955e-07, 0, -4.13292911e-09, 5.92685012e-07, 1, 0, 1.29149676e-05, 27.6144543, -7.57343923e-06, 1]
    ChildIds:
      - 35
      - 39
      - 43
      - 47
      - 51
  - Id: 35
    ParentId: 34
    Name: mixamorig:RightHandThumb1
    Offset: [38.7278175, -77.4558563, 50.007431, -0, 22.3639679, -44.728035, -86.598259, 0, 89.4427567, 44.7212486, 2.00088762e-05, -0, 1.25488389, 4.57494211, 161.234222, 1]
    Transform: [0.894428074, -0.387296975, -0.223606318, 0, 0.44721207, 0.774597466, 0.44721365, 0, 4.09781904e-07, -0.499999821, 0.866025448, 0, 3.00297451, 3.78880072, 2.1671598, 1]
    ChildIds:
      - 36
  - Id: 36
    ParentId: 35
    Name: mixamorig:RightHandThumb2
    Offset: [38.7278557, -77.4549332, 50.008812, -0, 22.3639984, -44.7295609, -86.5974579, 0, 89.4427338, 44.7212944, -0.000773070264, -0, 1.25486815, -0.167144656, 161.234238, 1]
    Transform: [1, -5.25265364e-07, -6.13703364e-08, 0, 5.25266557e-07, 1.00000012, 1.78358041e-05, 0, 6.13609714e-08, -1.78358023e-05, 1, 0, -1.25169754e-06, 4.74496412, -2.0936946e-07, 1]
    ChildIds:
      - 37
  - Id: 37
    ParentId: 36
    Name: mixamorig:RightHandThumb3
    Offset: [38.7278519, -77.4550095, 50.0087166, -0, 22.3640232, -44.7294426, -86.5975113, 0, 89.4427338, 44.721302, -0.000689396809, -0, 1.25483286, -4.54951191, 161.234222, 1]
    Transform: [0.99999994, -8.19565642e-08, -2.43207211e-07, 0, 8.19562231e-08, 0.99999994, -1.38075245e-06, 0, 2.43207353e-07, 1.38075256e-06, 1, 0, -4.05311584e-06, 4.38214064, 2.72713114e-05, 1]
    ChildIds:
      - 38
  - Id: 38
    ParentId: 37
    Name: mixamorig:RightHandThumb4
    Offset: [60.8472023, -69.347496, 38.581604, -0, 6.24762249, -44.2804565, -89.4439011, 0, 79.1111984, 56.8345299, -22.6108398, -0, 42.7036171, -1.83666205, 155.676636, 1]
    Transform: [0.957212865, -0.145441756, 0.250180811, 0, 0.140746847, 0.98936677, 0.0366556607, 0, -0.252851844, 0.000124888495, 0.967504978, 0, 1.12056732e-05, 3.45906568, -3.22201522e-05, 1]
    ChildIds:
      []
  - Id: 39
    ParentId: 34
    Name: mixamorig:RightHandIndex1
    Offset: [0.00101900136, -99.9999924, 0.00862557814, -0, -4.43815736e-07, -0.00861645117, -100, 0, 99.9999924, 0.00100728462, -3.95713596e-06, -0, 3.35019732, -86.037117, 143.333649, 1]
    Transform: [1, -9.49516834e-06, 5.74584078e-08, 0, 9.49516652e-06, 0.999999762, 9.57228465e-08, 0, -5.74593173e-08, -9.57223278e-08, 1, 0, 2.82204247, 12.2666082, 0.231828466, 1]
    ChildIds:
      - 40
  - Id: 40
    ParentId: 39
    Name: mixamorig:RightHandIndex2
    Offset: [0.000188491016, -99.9999924, 0.00893591251, -0, 1.73425542e-05, -0.00892678648, -100, 0, 99.9999924, 0.000176775793, 1.3900245e-05, -0, 3.34942484, -89.9286652, 143.333923, 1]
    Transform: [1, 8.30508907e-06, -1.78579299e-07, 0, -8.30508907e-06, 1, 3.10334485e-06, 0, 1.78605077e-07, -3.10334349e-06, 1, 0, 5.5287785e-08, 3.89196706, 8.88370778e-06, 1]
    ChildIds:
      - 41
  - Id: 41
    ParentId: 40
    Name: mixamorig:RightHandIndex3
    Offset: [0.000185901066, -99.9999924, 0.0089233052, -0, 1.99322531e-05, -0.00891417824, -100, 0, 99.9999924, 0.000174186061, 1.6490194e-05, -0, 3.34943151, -93.3438568, 143.333908, 1]
    Transform: [1, 2.5897263e-08, -2.58992898e-08, 0, -2.58972666e-08, 1, -1.2607785e-07, 0, 2.58992863e-08, 1.2607785e-07, 1, 0, -1.25913648e-05, 3.41516304, 3.82411281e-06, 1]
    ChildIds:
      - 42
  - Id: 42
    ParentId: 41
    Name: mixamorig:RightHandIndex4
    Offset: [-0.274691612, -99.9996185, -0.00375041738, 0, -1.34185326, 0.00744519103, -99.9909973, 0, 99.9906082, -0.274628252, -1.34187198, -0, 5.00728416, -96.4541397, 143.263824, 1]
    Transform: [0.999906182, 0.00274997274, 0.0134184882, 0, -0.00274802465, 0.999996126, -0.000163593926, 0, -0.0134188859, 0.000126704239, 0.999909878, 0, -1.45501326e-06, 3.07798481, 1.55074231e-05, 1]
    ChildIds:
      []
  - Id: 43
    ParentId: 34
    Name: mixamorig:RightHandMiddle1
    Offset: [0.000145136582, -99.9999695, 0.00886655785, -0, 1.30136368e-05, -0.00885742996, -100, 0, 99.9999924, 0.000133420966, 9.57528755e-06, -0, 6.17145157, -86.5457077, 143.565674, 1]
    Transform: [1, -7.56531676e-07, -7.78682292e-08, 0, 7.56531847e-07, 0.99999994, 2.50553035e-06, 0, 7.78663392e-08, -2.50553057e-06, 1, 0, 1.69680206e-05, 12.7755203, 1.88159447e-05, 1]
    ChildIds:
      - 44
  - Id: 44
    ParentId: 43
    Name: mixamorig:RightHandMiddle2
    Offset: [0.000137822542, -99.9999695, 0.00882071443, -0, 2.03270683e-05, -0.00881158654, -100, 0, 99.9999924, 0.000126107538, 1.68894258e-05, -0, 6.1714344, -90.1597366, 143.565628, 1]
    Transform: [1, 7.31341245e-08, -7.31407965e-08, 0, -7.31341459e-08, 0.99999994, -4.58432709e-07, 0, 7.31407681e-08, 4.58432737e-07, 1, 0, -1.34352376e-07, 3.61395478, -1.74622357e-07, 1]
    ChildIds:
      - 45
  - Id: 45
    ParentId: 44
    Name: mixamorig:RightHandMiddle3
    Offset: [0.000142524732, -99.9999695, 0.00870700926, -0, 1.56252772e-05, -0.00869788136, -100, 0, 99.9999924, 0.000130809305, 1.21873672e-05, -0, 6.17147493, -93.6196518, 143.565506, 1]
    Transform: [1, -4.70178882e-08, 4.70220698e-08, 0, 4.70179415e-08, 0.99999994, -1.13705744e-06, 0, -4.7022013e-08, 1.13705755e-06, 1, 0, -2.97701863e-05, 3.45975471, -5.06469041e-06, 1]
    ChildIds:
      - 46
  - Id: 46
    ParentId: 45
    Name: mixamorig:RightHandMiddle4
    Offset: [0.34184733, -99.9993896, -0.00374846742, -0, -1.33899844, -0.000820072717, -99.9910507, 0, 99.9904404, 0.341855139, -1.33899665, -0, 8.42562771, -97.2894974, 143.457916, 1]
    Transform: [0.999904513, -0.00341588282, 0.0133904358, 0, 0.00341724372, 0.999994099, -7.87770332e-05, 0, -0.0133900885, 0.000124527898, 0.999910295, 0, 2.77418203e-05, 3.68019342, -2.03797463e-05, 1]
    ChildIds:
      []
  - Id: 47
    ParentId: 34
    Name: mixamorig:RightHandRing1
    Offset: [0.00102946197, -99.9999695, 0.00889799837, -0, 7.49532637e-06, -0.00888887141, -100, 0, 99.9999924, 0.00101774593, 3.97833173e-06, -0, 8.38886833, -85.9170532, 143.575699, 1]
    Transform: [1, -9.59978388e-06, -2.19240128e-08, 0, 9.59978297e-06, 0.99999994, 2.81993925e-06, 0, 2.18969411e-08, -2.81993948e-06, 1, 0, -2.21663165, 12.1469936, -0.00999787077, 1]
    ChildIds:
      - 48
  - Id: 48
    ParentId: 47
    Name: mixamorig:RightHandRing2
    Offset: [-0.000576706545, -99.9999695, 0.00876593962, 0, 7.68067912e-06, -0.00875681173, -100, 0, 99.9999924, -0.000588422641, 4.30567798e-06, -0, 8.38742828, -89.5185623, 143.575577, 1]
    Transform: [1, 1.60616892e-05, -3.28123306e-09, 0, -1.60616873e-05, 0.99999994, -1.32059404e-06, 0, 3.26002203e-09, 1.32059415e-06, 1, 0, 7.84717486e-07, 3.60118961, -1.72323405e-06, 1]
    ChildIds:
      - 49
  - Id: 49
    ParentId: 48
    Name: mixamorig:RightHandRing3
    Offset: [-0.000573226833, -99.9999695, 0.0087547414, 0, 4.20123115e-06, -0.00874561351, -100, 0, 99.9999924, -0.000584943278, 8.25859502e-07, -0, 8.38743782, -92.8258972, 143.575577, 1]
    Transform: [1, -3.47937892e-08, 3.47975337e-08, 0, 3.47937927e-08, 0.99999994, -1.11976988e-07, 0, -3.47975266e-08, 1.11976995e-07, 1, 0, -9.76803676e-07, 3.30731702, -5.58774173e-06, 1]
    ChildIds:
      - 50
  - Id: 50
    ParentId: 49
    Name: mixamorig:RightHandRing4
    Offset: [0.059512388, -99.9999695, -0.00382484007, -0, -1.5225929, 0.00292739598, -99.9884109, 0, 99.9883804, 0.059552025, -1.52259421, -0, 10.6303711, -96.4977264, 143.419083, 1]
    Transform: [0.99988389, -0.000599522726, 0.0152260251, 0, 0.000601369713, 0.999999702, -0.000116730051, 0, -0.0152259506, 0.000125872975, 0.99988395, 0, 2.22684976e-05, 3.66011596, 5.10142991e-06, 1]
    ChildIds:
      []
  - Id: 51
    ParentId: 34
    Name: mixamorig:RightHandPinky1
    Offset: [0.000691948342, -99.9999695, 0.0088526709, -0, 2.96584767e-06, -0.00884354301, -100, 0, 99.9999924, 0.00068023178, -5.20837943e-07, -0, 10.8977776, -84.6783142, 143.339523, 1]
    Transform: [1, -6.22464177e-06, 2.30802879e-08, 0, 6.22464131e-06, 0.99999994, 2.36666165e-06, 0, -2.3095021e-08, -2.36666187e-06, 1, 0, -4.72583389, 10.9081745, 0.226131767, 1]
    ChildIds:
      - 52
  - Id: 52
    ParentId: 51
    Name: mixamorig:RightHandPinky2
    Offset: [-0.00139659946, -99.9999695, 0.00882062316, 0, 1.6949647e-05, -0.00881149527, -100, 0, 99.9999924, -0.00140831515, 1.36472108e-05, -0, 10.8959017, -88.815239, 143.339493, 1]
    Transform: [1, 2.08854726e-05, -1.41685007e-07, 0, -2.08854708e-05, 0.99999994, -3.20472253e-07, 0, 1.41678328e-07, 3.20475237e-07, 1, 0, -9.9322051e-07, 4.13664913, -5.29462295e-06, 1]
    ChildIds:
      - 53
  - Id: 53
    ParentId: 52
    Name: mixamorig:RightHandPinky3
    Offset: [0.000717569201, -99.9999695, 0.0088717714, -0, 1.27855656e-05, -0.0088626435, -100, 0, 99.9999924, 0.00070585357, 9.29647558e-06, -0, 10.8978395, -91.4097748, 143.339539, 1]
    Transform: [1, -2.11416882e-05, 4.35037322e-08, 0, 2.11416864e-05, 0.99999994, 5.11483449e-07, 0, -4.35145466e-08, -5.11482597e-07, 1, 0, 2.89681338e-07, 2.59483886, -8.8883844e-06, 1]
    ChildIds:
      - 54
  - Id: 54
    ParentId: 53
    Name: mixamorig:RightHandPinky4
    Offset: [-0.440493613, -99.9990082, -0.00399451284, 0, -1.69970441, 0.0114902658, -99.9855576, 0, 99.9845734, -0.440373808, -1.69974172, -0, 12.9161205, -94.4099655, 143.121475, 1]
    Transform: [0.999845803, 0.00441361964, 0.0169967804, 0, -0.00441079726, 0.999990165, -0.000203528834, 0, -0.0169975124, 0.000128528089, 0.999855459, 0, -6.40042344e-07, 2.92386556, -9.39775146e-06, 1]
    ChildIds:
      []
  - Id: 55
    ParentId: 0
    Name: mixamorig:LeftUpLeg
    Offset: [-99.9981842, 0.602670491, 0.0076620318, -0, -0.602718949, -99.9901123, -1.26998448, 0, 1.031797e-05, -1.27000725, 99.9919434, -0, 9.68563175, 93.0706558, 1.23743951, 1]
    Transform: [-0.999982476, -0.00593938306, 2.87533476e-06, 0, 0.00593886711, -0.999901772, -0.0127001656, 0, 7.83061914e-05, -0.0126999235, 0.999919236, 0, 9.12387276, -6.65719604, -0.0554031022, 1]
    ChildIds:
      - 56
  - Id: 56
    ParentId: 55
    Name: mixamorig:LeftLeg
    Offset: [-99.9983063, -0.581174672, -0.0284848958, -0, 0.581872582, -99.8786163, -4.89112949, 0, -2.14601696e-05, -4.89121199, 99.8803101, 0, 9.06325626, 52.5028725, 3.14274263, 1]
    Transform: [0.999929845, -0.0118447486, -0.000150759035, 0, 0.0118315127, 0.999273479, -0.0362241901, 0, 0.000579716056, 0.0362198688, 0.999343693, 0, -8.33771082e-07, 40.5994453, -1.91270374e-07, 1]
    ChildIds:
      - 57
  - Id: 57
    ParentId: 56
    Name: mixamorig:LeftFoot
    Offset: [-99.8660126, 2.37594652, -4.59723759, 0, -5.17491198, -45.8513603, 88.7179642, 0, -1.81898997e-06, 88.8369827, 45.9128609, -0, 9.65520096, 6.93053436, -7.6814456, 1]
    Transform: [0.998342037, 0.0574902594, 0.00281553692, 0, -0.0264272299, 0.414366603, 0.909726143, 0, 0.0511337295, -0.908292294, 0.415198982, 0, -4.63755214e-07, 42.0990143, -5.1013194e-07, 1]
    ChildIds:
      - 58
  - Id: 58
    ParentId: 57
    Name: mixamorig:LeftToeBase
    Offset: [-99.972641, -1.42060506, 1.85815001, -0, 1.88294339, -1.75223899, 99.9669266, -0, -1.38757432, 99.9745483, 1.77849007, -0, 9.59087181, -11.1411018, -3.66068435, 1]
    Transform: [0.997412384, -0.0447133146, 0.0562941134, 0, 0.0150937373, 0.895840406, 0.444119483, 0, -0.0702885985, -0.442120612, 0.894197285, 0, 5.83552605e-07, 15.7215595, -5.96046448e-08, 1]
    ChildIds:
      - 59
  - Id: 59
    ParentId: 58
    Name: mixamorig:LeftToe_End
    Offset: [-99.972641, -1.42060447, 1.85814798, -0, 1.88294137, -1.7522428, 99.9669266, -0, -1.38757384, 99.9745483, 1.77849364, -0, 9.59087181, -21.1410999, -3.6606853, 1]
    Transform: [0.99999994, 5.36965628e-09, -1.99652295e-08, 0, -5.36965716e-09, 0.99999994, -3.7165595e-08, 0, 1.99652277e-08, 3.71655915e-08, 0.999999821, 0, -9.31322575e-08, 10, 3.7252903e-07, 1]
    ChildIds:
      []
  - Id: 60
    ParentId: 0
    Name: mixamorig:RightUpLeg
    Offset: [-99.9981766, -0.602671385, -0.00761557231, 0, 0.602719128, -99.9901733, -1.26671135, 0, 2.2783559e-05, -1.26673436, 99.9919815, -0, -9.68563557, 93.070694, 1.23439574, 1]
    Transform: [-0.999981225, 0.00611500209, 2.99774888e-06, 0, -0.00611454854, -0.999900818, -0.0126673989, 0, -7.44637291e-05, -0.0126671828, 0.999919713, 0, -9.12503242, -6.6556015, -0.0553527437, 1]
    ChildIds:
      - 61
  - Id: 61
    ParentId: 60
    Name: mixamorig:RightLeg
    Offset: [-99.9983139, 0.581177056, 0.0284874681, -0, -0.581875145, -99.8784714, -4.8944068, 0, 1.11839463e-05, -4.89448977, 99.8801575, -0, -9.06326008, 52.5028191, 3.14313626, 1]
    Transform: [0.999929726, 0.011844784, 0.000149937929, 0, -0.0118315415, 0.999271214, -0.0362896845, 0, -0.000579672167, 0.0362853631, 0.999341249, 0, -3.68199096e-07, 40.5994415, -7.35162757e-08, 1]
    ChildIds:
      - 62
  - Id: 62
    ParentId: 61
    Name: mixamorig:RightFoot
    Offset: [-99.8660126, -2.37594604, 4.59722042, -0, 5.17489576, -45.8513565, 88.7179565, -0, 6.82121197e-07, 88.8369751, 45.9128647, -0, -9.65520287, 6.93059635, -7.68145657, 1]
    Transform: [0.998342037, -0.0574900508, -0.00281732692, 0, 0.0264271013, 0.41433686, 0.909739912, 0, -0.0511336662, -0.908306003, 0.415169209, 0, 2.46011922e-07, 42.0990257, 2.07917765e-07, 1]
    ChildIds:
      - 63
  - Id: 63
    ParentId: 62
    Name: mixamorig:RightToeBase
    Offset: [-99.974205, 1.41797638, -1.77496994, -0, -1.79969144, -1.75007975, 99.9685135, 0, 1.38646984, 99.9746323, 1.77514815, -0, -9.59362984, -11.1413803, -3.65249324, 1]
    Transform: [0.997470915, 0.0443220921, -0.0555611514, 0, -0.0150664458, 0.895831823, 0.444137663, 0, 0.0694585592, -0.442177296, 0.894234002, 0, -1.23397422e-06, 15.7215586, 5.06639481e-07, 1]
    ChildIds:
      - 64
  - Id: 64
    ParentId: 63
    Name: mixamorig:RightToe_End
    Offset: [-99.974205, 1.41797638, -1.77496874, -0, -1.79969037, -1.75007975, 99.9685135, 0, 1.38646996, 99.9746323, 1.77514815, -0, -9.59362888, -21.1413784, -3.652493, 1]
    Transform: [1.00000012, 1.61526281e-09, 1.09284892e-08, 0, -1.61526259e-09, 1, -4.07453626e-10, 0, -1.09284883e-08, 4.07453626e-10, 1, 0, 1.82539225e-07, 9.99999905, 1.34110451e-07, 1]
    ChildIds:
      []